39
15.7443
4.52148
-15
1
17.0558
4.52148
-15
1
16.1363
4.52148
-15
1
15.7443
4.52148
-15
1
17.0558
4.52148
-15
1
16.1363
4.52148
-15
1
15.7443
4.52148
-15
1
17.0558
4.52148
-15
1
16.1363
4.52148
-15
1
15.7443
4.52148
-15
1
17.0558
4.52148
-15
1
16.1363
4.52148
-15
1
15.7443
4.52148
-15
1
17.0558
4.52148
-15
1
16.1363
4.52148
-15
1
15.7443
4.52148
-15
1
17.0558
4.52148
-15
1
16.1363
4.52148
-15
1
15.7443
4.52148
-15
1
17.0558
4.52148
-15
1
16.1363
4.52148
-15
1
15.7443
4.52148
-15
1
17.0558
4.52148
-15
1
16.1363
4.52148
-15
1
15.7443
4.52148
-15
1
17.0558
4.52148
-15
1
16.1363
4.52148
-15
1
15.7443
4.52148
-15
1
17.0558
4.52148
-15
1
16.1363
